(kicad_pcb (version 20171130) (host pcbnew 5.1.2-f72e74a~84~ubuntu18.04.1)

  (general
    (thickness 1.6)
    (drawings 40)
    (tracks 753)
    (zones 0)
    (modules 57)
    (nets 73)
  )

  (page A4)
  (layers
    (0 F.Cu signal)
    (31 B.Cu signal)
    (32 B.Adhes user)
    (33 F.Adhes user)
    (34 B.Paste user)
    (35 F.Paste user)
    (36 B.SilkS user)
    (37 F.SilkS user)
    (38 B.Mask user)
    (39 F.Mask user)
    (40 Dwgs.User user)
    (41 Cmts.User user)
    (42 Eco1.User user)
    (43 Eco2.User user)
    (44 Edge.Cuts user)
    (45 Margin user)
    (46 B.CrtYd user)
    (47 F.CrtYd user)
    (48 B.Fab user)
    (49 F.Fab user)
  )

  (setup
    (last_trace_width 0.25)
    (trace_clearance 0.2)
    (zone_clearance 0.508)
    (zone_45_only no)
    (trace_min 0.2)
    (via_size 0.8)
    (via_drill 0.4)
    (via_min_size 0.4)
    (via_min_drill 0.3)
    (uvia_size 0.3)
    (uvia_drill 0.1)
    (uvias_allowed no)
    (uvia_min_size 0.2)
    (uvia_min_drill 0.1)
    (edge_width 0.05)
    (segment_width 0.2)
    (pcb_text_width 0.3)
    (pcb_text_size 1.5 1.5)
    (mod_edge_width 0.12)
    (mod_text_size 1 1)
    (mod_text_width 0.15)
    (pad_size 1.524 1.524)
    (pad_drill 0.762)
    (pad_to_mask_clearance 0.051)
    (solder_mask_min_width 0.25)
    (aux_axis_origin 0 0)
    (visible_elements FFFFFF7F)
    (pcbplotparams
      (layerselection 0x010fc_ffffffff)
      (usegerberextensions false)
      (usegerberattributes false)
      (usegerberadvancedattributes false)
      (creategerberjobfile false)
      (excludeedgelayer true)
      (linewidth 0.100000)
      (plotframeref false)
      (viasonmask false)
      (mode 1)
      (useauxorigin false)
      (hpglpennumber 1)
      (hpglpenspeed 20)
      (hpglpendiameter 15.000000)
      (psnegative false)
      (psa4output false)
      (plotreference true)
      (plotvalue true)
      (plotinvisibletext false)
      (padsonsilk false)
      (subtractmaskfromsilk false)
      (outputformat 1)
      (mirror false)
      (drillshape 1)
      (scaleselection 1)
      (outputdirectory ""))
  )

  (net 0 "")
  (net 1 GND)
  (net 2 SDA)
  (net 3 SCK)
  (net 4 SW1)
  (net 5 SW2)
  (net 6 SW3)
  (net 7 SW4)
  (net 8 SW5)
  (net 9 SW6)
  (net 10 SW7)
  (net 11 SW8)
  (net 12 SW9)
  (net 13 SW10)
  (net 14 SW11)
  (net 15 SW12)
  (net 16 SW13)
  (net 17 SW14)
  (net 18 SW15)
  (net 19 SW16)
  (net 20 SW17)
  (net 21 SW18)
  (net 22 SW19)
  (net 23 SW20)
  (net 24 SW21)
  (net 25 SW22)
  (net 26 SW23)
  (net 27 SW24)
  (net 28 SW25)
  (net 29 SW26)
  (net 30 SW27)
  (net 31 SW28)
  (net 32 SW29)
  (net 33 SW30)
  (net 34 SW31)
  (net 35 SW33)
  (net 36 SW34)
  (net 37 SW35)
  (net 38 SW36)
  (net 39 SW37)
  (net 40 SW38)
  (net 41 ADDR)
  (net 42 "Net-(U1-Pad14)")
  (net 43 "Net-(U1-Pad11)")
  (net 44 "Net-(U1-Pad20)")
  (net 45 "Net-(U1-Pad19)")
  (net 46 "Net-(U1-Pad18)")
  (net 47 "Net-(U2-Pad14)")
  (net 48 "Net-(U2-Pad11)")
  (net 49 "Net-(U2-Pad20)")
  (net 50 "Net-(U2-Pad19)")
  (net 51 "Net-(U2-Pad18)")
  (net 52 "Net-(U3-Pad14)")
  (net 53 "Net-(U3-Pad11)")
  (net 54 "Net-(U3-Pad20)")
  (net 55 "Net-(U3-Pad19)")
  (net 56 "Net-(U3-Pad18)")
  (net 57 "Net-(U2-Pad7)")
  (net 58 "Net-(U2-Pad24)")
  (net 59 "Net-(U2-Pad23)")
  (net 60 "Net-(U2-Pad22)")
  (net 61 "Net-(U2-Pad8)")
  (net 62 "Net-(U2-Pad21)")
  (net 63 "Net-(U2-Pad6)")
  (net 64 "Net-(U2-Pad5)")
  (net 65 "Net-(U2-Pad4)")
  (net 66 "Net-(D1-Pad1)")
  (net 67 VCC)
  (net 68 "Net-(SW44-Pad6)")
  (net 69 "Net-(SW44-Pad5)")
  (net 70 "Net-(SW44-Pad4)")
  (net 71 "Net-(U3-Pad8)")
  (net 72 "Net-(U3-Pad4)")

  (net_class Default "これはデフォルトのネット クラスです。"
    (clearance 0.2)
    (trace_width 0.25)
    (via_dia 0.8)
    (via_drill 0.4)
    (uvia_dia 0.3)
    (uvia_drill 0.1)
    (add_net ADDR)
    (add_net "Net-(D1-Pad1)")
    (add_net "Net-(SW44-Pad4)")
    (add_net "Net-(SW44-Pad5)")
    (add_net "Net-(SW44-Pad6)")
    (add_net "Net-(U1-Pad11)")
    (add_net "Net-(U1-Pad14)")
    (add_net "Net-(U1-Pad18)")
    (add_net "Net-(U1-Pad19)")
    (add_net "Net-(U1-Pad20)")
    (add_net "Net-(U2-Pad11)")
    (add_net "Net-(U2-Pad14)")
    (add_net "Net-(U2-Pad18)")
    (add_net "Net-(U2-Pad19)")
    (add_net "Net-(U2-Pad20)")
    (add_net "Net-(U2-Pad21)")
    (add_net "Net-(U2-Pad22)")
    (add_net "Net-(U2-Pad23)")
    (add_net "Net-(U2-Pad24)")
    (add_net "Net-(U2-Pad4)")
    (add_net "Net-(U2-Pad5)")
    (add_net "Net-(U2-Pad6)")
    (add_net "Net-(U2-Pad7)")
    (add_net "Net-(U2-Pad8)")
    (add_net "Net-(U3-Pad11)")
    (add_net "Net-(U3-Pad14)")
    (add_net "Net-(U3-Pad18)")
    (add_net "Net-(U3-Pad19)")
    (add_net "Net-(U3-Pad20)")
    (add_net "Net-(U3-Pad4)")
    (add_net "Net-(U3-Pad8)")
    (add_net SCK)
    (add_net SDA)
    (add_net SW1)
    (add_net SW10)
    (add_net SW11)
    (add_net SW12)
    (add_net SW13)
    (add_net SW14)
    (add_net SW15)
    (add_net SW16)
    (add_net SW17)
    (add_net SW18)
    (add_net SW19)
    (add_net SW2)
    (add_net SW20)
    (add_net SW21)
    (add_net SW22)
    (add_net SW23)
    (add_net SW24)
    (add_net SW25)
    (add_net SW26)
    (add_net SW27)
    (add_net SW28)
    (add_net SW29)
    (add_net SW3)
    (add_net SW30)
    (add_net SW31)
    (add_net SW33)
    (add_net SW34)
    (add_net SW35)
    (add_net SW36)
    (add_net SW37)
    (add_net SW38)
    (add_net SW4)
    (add_net SW5)
    (add_net SW6)
    (add_net SW7)
    (add_net SW8)
    (add_net SW9)
  )

  (net_class Power ""
    (clearance 0.2)
    (trace_width 0.5)
    (via_dia 0.8)
    (via_drill 0.4)
    (uvia_dia 0.3)
    (uvia_drill 0.1)
    (add_net GND)
    (add_net VCC)
  )

  (module Package_DIP:DIP-28_W7.62mm_Socket (layer F.Cu) (tedit 5A02E8C5) (tstamp 5CF2CA7A)
    (at 216.125 52.25)
    (descr "28-lead though-hole mounted DIP package, row spacing 7.62 mm (300 mils), Socket")
    (tags "THT DIP DIL PDIP 2.54mm 7.62mm 300mil Socket")
    (path /5CF25C39)
    (fp_text reference U1 (at 3.81 -2.33) (layer F.SilkS)
      (effects (font (size 1 1) (thickness 0.15)))
    )
    (fp_text value MCP23017_SP (at 3.81 35.35) (layer F.Fab)
      (effects (font (size 1 1) (thickness 0.15)))
    )
    (fp_text user %R (at 3.81 16.51) (layer F.Fab)
      (effects (font (size 1 1) (thickness 0.15)))
    )
    (fp_line (start 9.15 -1.6) (end -1.55 -1.6) (layer F.CrtYd) (width 0.05))
    (fp_line (start 9.15 34.65) (end 9.15 -1.6) (layer F.CrtYd) (width 0.05))
    (fp_line (start -1.55 34.65) (end 9.15 34.65) (layer F.CrtYd) (width 0.05))
    (fp_line (start -1.55 -1.6) (end -1.55 34.65) (layer F.CrtYd) (width 0.05))
    (fp_line (start 8.95 -1.39) (end -1.33 -1.39) (layer F.SilkS) (width 0.12))
    (fp_line (start 8.95 34.41) (end 8.95 -1.39) (layer F.SilkS) (width 0.12))
    (fp_line (start -1.33 34.41) (end 8.95 34.41) (layer F.SilkS) (width 0.12))
    (fp_line (start -1.33 -1.39) (end -1.33 34.41) (layer F.SilkS) (width 0.12))
    (fp_line (start 6.46 -1.33) (end 4.81 -1.33) (layer F.SilkS) (width 0.12))
    (fp_line (start 6.46 34.35) (end 6.46 -1.33) (layer F.SilkS) (width 0.12))
    (fp_line (start 1.16 34.35) (end 6.46 34.35) (layer F.SilkS) (width 0.12))
    (fp_line (start 1.16 -1.33) (end 1.16 34.35) (layer F.SilkS) (width 0.12))
    (fp_line (start 2.81 -1.33) (end 1.16 -1.33) (layer F.SilkS) (width 0.12))
    (fp_line (start 8.89 -1.33) (end -1.27 -1.33) (layer F.Fab) (width 0.1))
    (fp_line (start 8.89 34.35) (end 8.89 -1.33) (layer F.Fab) (width 0.1))
    (fp_line (start -1.27 34.35) (end 8.89 34.35) (layer F.Fab) (width 0.1))
    (fp_line (start -1.27 -1.33) (end -1.27 34.35) (layer F.Fab) (width 0.1))
    (fp_line (start 0.635 -0.27) (end 1.635 -1.27) (layer F.Fab) (width 0.1))
    (fp_line (start 0.635 34.29) (end 0.635 -0.27) (layer F.Fab) (width 0.1))
    (fp_line (start 6.985 34.29) (end 0.635 34.29) (layer F.Fab) (width 0.1))
    (fp_line (start 6.985 -1.27) (end 6.985 34.29) (layer F.Fab) (width 0.1))
    (fp_line (start 1.635 -1.27) (end 6.985 -1.27) (layer F.Fab) (width 0.1))
    (fp_arc (start 3.81 -1.33) (end 2.81 -1.33) (angle -180) (layer F.SilkS) (width 0.12))
    (pad 28 thru_hole oval (at 7.62 0) (size 1.6 1.6) (drill 0.8) (layers *.Cu *.Mask)
      (net 12 SW9))
    (pad 14 thru_hole oval (at 0 33.02) (size 1.6 1.6) (drill 0.8) (layers *.Cu *.Mask)
      (net 42 "Net-(U1-Pad14)"))
    (pad 27 thru_hole oval (at 7.62 2.54) (size 1.6 1.6) (drill 0.8) (layers *.Cu *.Mask)
      (net 10 SW7))
    (pad 13 thru_hole oval (at 0 30.48) (size 1.6 1.6) (drill 0.8) (layers *.Cu *.Mask)
      (net 2 SDA))
    (pad 26 thru_hole oval (at 7.62 5.08) (size 1.6 1.6) (drill 0.8) (layers *.Cu *.Mask)
      (net 8 SW5))
    (pad 12 thru_hole oval (at 0 27.94) (size 1.6 1.6) (drill 0.8) (layers *.Cu *.Mask)
      (net 3 SCK))
    (pad 25 thru_hole oval (at 7.62 7.62) (size 1.6 1.6) (drill 0.8) (layers *.Cu *.Mask)
      (net 6 SW3))
    (pad 11 thru_hole oval (at 0 25.4) (size 1.6 1.6) (drill 0.8) (layers *.Cu *.Mask)
      (net 43 "Net-(U1-Pad11)"))
    (pad 24 thru_hole oval (at 7.62 10.16) (size 1.6 1.6) (drill 0.8) (layers *.Cu *.Mask)
      (net 4 SW1))
    (pad 10 thru_hole oval (at 0 22.86) (size 1.6 1.6) (drill 0.8) (layers *.Cu *.Mask)
      (net 1 GND))
    (pad 23 thru_hole oval (at 7.62 12.7) (size 1.6 1.6) (drill 0.8) (layers *.Cu *.Mask)
      (net 18 SW15))
    (pad 9 thru_hole oval (at 0 20.32) (size 1.6 1.6) (drill 0.8) (layers *.Cu *.Mask)
      (net 67 VCC))
    (pad 22 thru_hole oval (at 7.62 15.24) (size 1.6 1.6) (drill 0.8) (layers *.Cu *.Mask)
      (net 16 SW13))
    (pad 8 thru_hole oval (at 0 17.78) (size 1.6 1.6) (drill 0.8) (layers *.Cu *.Mask)
      (net 13 SW10))
    (pad 21 thru_hole oval (at 7.62 17.78) (size 1.6 1.6) (drill 0.8) (layers *.Cu *.Mask)
      (net 14 SW11))
    (pad 7 thru_hole oval (at 0 15.24) (size 1.6 1.6) (drill 0.8) (layers *.Cu *.Mask)
      (net 15 SW12))
    (pad 20 thru_hole oval (at 7.62 20.32) (size 1.6 1.6) (drill 0.8) (layers *.Cu *.Mask)
      (net 44 "Net-(U1-Pad20)"))
    (pad 6 thru_hole oval (at 0 12.7) (size 1.6 1.6) (drill 0.8) (layers *.Cu *.Mask)
      (net 17 SW14))
    (pad 19 thru_hole oval (at 7.62 22.86) (size 1.6 1.6) (drill 0.8) (layers *.Cu *.Mask)
      (net 45 "Net-(U1-Pad19)"))
    (pad 5 thru_hole oval (at 0 10.16) (size 1.6 1.6) (drill 0.8) (layers *.Cu *.Mask)
      (net 19 SW16))
    (pad 18 thru_hole oval (at 7.62 25.4) (size 1.6 1.6) (drill 0.8) (layers *.Cu *.Mask)
      (net 46 "Net-(U1-Pad18)"))
    (pad 4 thru_hole oval (at 0 7.62) (size 1.6 1.6) (drill 0.8) (layers *.Cu *.Mask)
      (net 5 SW2))
    (pad 17 thru_hole oval (at 7.62 27.94) (size 1.6 1.6) (drill 0.8) (layers *.Cu *.Mask)
      (net 41 ADDR))
    (pad 3 thru_hole oval (at 0 5.08) (size 1.6 1.6) (drill 0.8) (layers *.Cu *.Mask)
      (net 7 SW4))
    (pad 16 thru_hole oval (at 7.62 30.48) (size 1.6 1.6) (drill 0.8) (layers *.Cu *.Mask)
      (net 1 GND))
    (pad 2 thru_hole oval (at 0 2.54) (size 1.6 1.6) (drill 0.8) (layers *.Cu *.Mask)
      (net 9 SW6))
    (pad 15 thru_hole oval (at 7.62 33.02) (size 1.6 1.6) (drill 0.8) (layers *.Cu *.Mask)
      (net 1 GND))
    (pad 1 thru_hole rect (at 0 0) (size 1.6 1.6) (drill 0.8) (layers *.Cu *.Mask)
      (net 11 SW8))
    (model ${KISYS3DMOD}/Package_DIP.3dshapes/DIP-28_W7.62mm_Socket.wrl
      (at (xyz 0 0 0))
      (scale (xyz 1 1 1))
      (rotate (xyz 0 0 0))
    )
  )

  (module MX_Socket:MXOnly-1.25U-Hotswap (layer F.Cu) (tedit 5CF71587) (tstamp 5CFAFA3C)
    (at 197.125 130.625)
    (path /5CF5C73C)
    (attr smd)
    (fp_text reference SW38 (at 0 3.048) (layer B.CrtYd)
      (effects (font (size 1 1) (thickness 0.15)) (justify mirror))
    )
    (fp_text value SW_Push (at 0 -7.9375) (layer Dwgs.User)
      (effects (font (size 1 1) (thickness 0.15)))
    )
    (fp_text user %R (at 0 4) (layer F.SilkS)
      (effects (font (size 2 2) (thickness 0.3)))
    )
    (fp_arc (start -0.865 -1.23) (end -0.8 -3.4) (angle -84) (layer B.SilkS) (width 1))
    (fp_arc (start -0.465 -0.83) (end -0.4 -3) (angle -84) (layer B.SilkS) (width 0.15))
    (fp_line (start -5.3 -1.6) (end -5.3 -3.399999) (layer B.SilkS) (width 0.8))
    (fp_line (start 4.4 -3.9) (end 4.4 -3.2) (layer B.SilkS) (width 0.4))
    (fp_line (start -0.4 -3) (end 4.6 -3) (layer B.SilkS) (width 0.15))
    (fp_line (start -5.67 -3.7) (end -5.67 -1.46) (layer B.SilkS) (width 0.15))
    (fp_line (start -5.7 -1.3) (end -3 -1.3) (layer B.SilkS) (width 0.5))
    (fp_line (start -5.9 -1.1) (end -2.62 -1.1) (layer B.SilkS) (width 0.15))
    (fp_line (start -5.9 -4.7) (end -5.9 -3.7) (layer B.SilkS) (width 0.15))
    (fp_line (start 4.6 -6.6) (end -3.800001 -6.6) (layer B.SilkS) (width 0.15))
    (fp_line (start 4.6 -6.25) (end 4.6 -6.6) (layer B.SilkS) (width 0.15))
    (fp_circle (center -3.81 -2.54) (end -2.54 -2.54) (layer Dwgs.User) (width 0.12))
    (fp_line (start 4.6 -3) (end 4.6 -4) (layer B.SilkS) (width 0.15))
    (fp_line (start 4.6 -4) (end 4.4 -4) (layer B.SilkS) (width 0.15))
    (fp_line (start 3.9 -6) (end 3.9 -3.5) (layer B.SilkS) (width 1))
    (fp_line (start 4.38 -4) (end 4.38 -6.25) (layer B.SilkS) (width 0.15))
    (fp_line (start -4.17 -5.1) (end -4.17 -2.86) (layer B.SilkS) (width 3))
    (fp_line (start -5.9 -3.7) (end -5.7 -3.7) (layer B.SilkS) (width 0.15))
    (fp_arc (start -3.9 -4.6) (end -3.800001 -6.6) (angle -90) (layer B.SilkS) (width 0.15))
    (fp_line (start 4.4 -6.4) (end 3 -6.4) (layer B.SilkS) (width 0.4))
    (fp_line (start -5.7 -1.46) (end -5.9 -1.46) (layer B.SilkS) (width 0.15))
    (fp_circle (center 2.54 -5.08) (end 3.81 -5.08) (layer Dwgs.User) (width 0.12))
    (fp_line (start 2.6 -4.8) (end -4.1 -4.8) (layer B.SilkS) (width 3.5))
    (fp_line (start 4.3 -3.3) (end 2.9 -3.3) (layer B.SilkS) (width 0.5))
    (fp_line (start -5.8 -3.800001) (end -5.8 -4.7) (layer B.SilkS) (width 0.3))
    (fp_line (start -5.9 -1.1) (end -5.9 -1.46) (layer B.SilkS) (width 0.15))
    (fp_line (start 4.4 -6.25) (end 4.6 -6.25) (layer B.SilkS) (width 0.15))
    (fp_line (start 4.572 -3.81) (end 4.572 -6.35) (layer B.CrtYd) (width 0.15))
    (fp_line (start 7.112 -3.81) (end 4.572 -3.81) (layer B.CrtYd) (width 0.15))
    (fp_line (start 7.112 -6.35) (end 7.112 -3.81) (layer B.CrtYd) (width 0.15))
    (fp_line (start 4.572 -6.35) (end 7.112 -6.35) (layer B.CrtYd) (width 0.15))
    (fp_line (start -8.382 -1.27) (end -8.382 -3.81) (layer B.CrtYd) (width 0.15))
    (fp_line (start -5.842 -1.27) (end -8.382 -1.27) (layer B.CrtYd) (width 0.15))
    (fp_line (start -5.842 -3.81) (end -5.842 -1.27) (layer B.CrtYd) (width 0.15))
    (fp_line (start -8.382 -3.81) (end -5.842 -3.81) (layer B.CrtYd) (width 0.15))
    (fp_circle (center -3.81 -2.54) (end -3.81 -4.064) (layer B.CrtYd) (width 0.15))
    (fp_circle (center 2.54 -5.08) (end 2.54 -6.604) (layer B.CrtYd) (width 0.15))
    (fp_text user %R (at 0 3.048) (layer B.SilkS)
      (effects (font (size 1 1) (thickness 0.15)) (justify mirror))
    )
    (fp_line (start -11.90625 9.525) (end -11.90625 -9.525) (layer Dwgs.User) (width 0.15))
    (fp_line (start 11.90625 9.525) (end -11.90625 9.525) (layer Dwgs.User) (width 0.15))
    (fp_line (start 11.90625 -9.525) (end 11.90625 9.525) (layer Dwgs.User) (width 0.15))
    (fp_line (start -11.90625 -9.525) (end 11.90625 -9.525) (layer Dwgs.User) (width 0.15))
    (fp_line (start -7 -7) (end -7 -5) (layer Dwgs.User) (width 0.15))
    (fp_line (start -5 -7) (end -7 -7) (layer Dwgs.User) (width 0.15))
    (fp_line (start -7 7) (end -5 7) (layer Dwgs.User) (width 0.15))
    (fp_line (start -7 5) (end -7 7) (layer Dwgs.User) (width 0.15))
    (fp_line (start 7 7) (end 7 5) (layer Dwgs.User) (width 0.15))
    (fp_line (start 5 7) (end 7 7) (layer Dwgs.User) (width 0.15))
    (fp_line (start 7 -7) (end 7 -5) (layer Dwgs.User) (width 0.15))
    (fp_line (start 5 -7) (end 7 -7) (layer Dwgs.User) (width 0.15))
    (pad 2 smd rect (at 5.842 -5.08) (size 2.55 2.5) (layers B.Cu B.Paste B.Mask)
      (net 1 GND))
    (pad 1 smd rect (at -7.085 -2.54) (size 2.55 2.5) (layers B.Cu B.Paste B.Mask)
      (net 40 SW38))
    (pad "" np_thru_hole circle (at 5.08 0 48.0996) (size 1.75 1.75) (drill 1.75) (layers *.Cu *.Mask))
    (pad "" np_thru_hole circle (at -5.08 0 48.0996) (size 1.75 1.75) (drill 1.75) (layers *.Cu *.Mask))
    (pad "" np_thru_hole circle (at -3.81 -2.54) (size 3 3) (drill 3) (layers *.Cu *.Mask))
    (pad "" np_thru_hole circle (at 0 0) (size 3.9878 3.9878) (drill 3.9878) (layers *.Cu *.Mask))
    (pad "" np_thru_hole circle (at 2.54 -5.08) (size 3 3) (drill 3) (layers *.Cu *.Mask))
  )

  (module MX_Socket:MXOnly-1U-Hotswap (layer F.Cu) (tedit 5CF713E2) (tstamp 5CFAF9FE)
    (at 175.75 130.625)
    (path /5CF5C730)
    (attr smd)
    (fp_text reference SW37 (at 0 3.048) (layer B.CrtYd)
      (effects (font (size 1 1) (thickness 0.15)) (justify mirror))
    )
    (fp_text value SW_Push (at 0 -7.9375) (layer Dwgs.User)
      (effects (font (size 1 1) (thickness 0.15)))
    )
    (fp_text user %R (at 0 4.5) (layer F.SilkS)
      (effects (font (size 2 2) (thickness 0.3)))
    )
    (fp_arc (start -0.865 -1.23) (end -0.8 -3.4) (angle -84) (layer B.SilkS) (width 1))
    (fp_arc (start -0.465 -0.83) (end -0.4 -3) (angle -84) (layer B.SilkS) (width 0.15))
    (fp_line (start -5.3 -1.6) (end -5.3 -3.399999) (layer B.SilkS) (width 0.8))
    (fp_line (start 4.4 -3.9) (end 4.4 -3.2) (layer B.SilkS) (width 0.4))
    (fp_line (start -0.4 -3) (end 4.6 -3) (layer B.SilkS) (width 0.15))
    (fp_line (start -5.67 -3.7) (end -5.67 -1.46) (layer B.SilkS) (width 0.15))
    (fp_line (start -5.7 -1.3) (end -3 -1.3) (layer B.SilkS) (width 0.5))
    (fp_line (start -5.9 -1.1) (end -2.62 -1.1) (layer B.SilkS) (width 0.15))
    (fp_line (start -5.9 -4.7) (end -5.9 -3.7) (layer B.SilkS) (width 0.15))
    (fp_line (start 4.6 -6.6) (end -3.800001 -6.6) (layer B.SilkS) (width 0.15))
    (fp_line (start 4.6 -6.25) (end 4.6 -6.6) (layer B.SilkS) (width 0.15))
    (fp_circle (center -3.81 -2.54) (end -2.54 -2.54) (layer Dwgs.User) (width 0.12))
    (fp_line (start 4.6 -3) (end 4.6 -4) (layer B.SilkS) (width 0.15))
    (fp_line (start 4.6 -4) (end 4.4 -4) (layer B.SilkS) (width 0.15))
    (fp_line (start 3.9 -6) (end 3.9 -3.5) (layer B.SilkS) (width 1))
    (fp_line (start 4.38 -4) (end 4.38 -6.25) (layer B.SilkS) (width 0.15))
    (fp_line (start -4.17 -5.1) (end -4.17 -2.86) (layer B.SilkS) (width 3))
    (fp_line (start -5.9 -3.7) (end -5.7 -3.7) (layer B.SilkS) (width 0.15))
    (fp_arc (start -3.9 -4.6) (end -3.800001 -6.6) (angle -90) (layer B.SilkS) (width 0.15))
    (fp_line (start 4.4 -6.4) (end 3 -6.4) (layer B.SilkS) (width 0.4))
    (fp_line (start -5.7 -1.46) (end -5.9 -1.46) (layer B.SilkS) (width 0.15))
    (fp_circle (center 2.54 -5.08) (end 3.81 -5.08) (layer Dwgs.User) (width 0.12))
    (fp_line (start 2.6 -4.8) (end -4.1 -4.8) (layer B.SilkS) (width 3.5))
    (fp_line (start 4.3 -3.3) (end 2.9 -3.3) (layer B.SilkS) (width 0.5))
    (fp_line (start -5.8 -3.800001) (end -5.8 -4.7) (layer B.SilkS) (width 0.3))
    (fp_line (start -5.9 -1.1) (end -5.9 -1.46) (layer B.SilkS) (width 0.15))
    (fp_line (start 4.4 -6.25) (end 4.6 -6.25) (layer B.SilkS) (width 0.15))
    (fp_line (start -5.842 -1.27) (end -5.842 -3.81) (layer B.CrtYd) (width 0.15))
    (fp_line (start -8.382 -1.27) (end -5.842 -1.27) (layer B.CrtYd) (width 0.15))
    (fp_line (start -8.382 -3.81) (end -8.382 -1.27) (layer B.CrtYd) (width 0.15))
    (fp_line (start -5.842 -3.81) (end -8.382 -3.81) (layer B.CrtYd) (width 0.15))
    (fp_line (start 4.572 -3.81) (end 4.572 -6.35) (layer B.CrtYd) (width 0.15))
    (fp_line (start 7.112 -3.81) (end 4.572 -3.81) (layer B.CrtYd) (width 0.15))
    (fp_line (start 7.112 -6.35) (end 7.112 -3.81) (layer B.CrtYd) (width 0.15))
    (fp_line (start 4.572 -6.35) (end 7.112 -6.35) (layer B.CrtYd) (width 0.15))
    (fp_circle (center -3.81 -2.54) (end -3.81 -4.064) (layer B.CrtYd) (width 0.15))
    (fp_circle (center 2.54 -5.08) (end 2.54 -6.604) (layer B.CrtYd) (width 0.15))
    (fp_text user %R (at 0 3.048) (layer B.SilkS)
      (effects (font (size 1 1) (thickness 0.15)) (justify mirror))
    )
    (fp_line (start -9.525 9.525) (end -9.525 -9.525) (layer Dwgs.User) (width 0.15))
    (fp_line (start 9.525 9.525) (end -9.525 9.525) (layer Dwgs.User) (width 0.15))
    (fp_line (start 9.525 -9.525) (end 9.525 9.525) (layer Dwgs.User) (width 0.15))
    (fp_line (start -9.525 -9.525) (end 9.525 -9.525) (layer Dwgs.User) (width 0.15))
    (fp_line (start -7 -7) (end -7 -5) (layer Dwgs.User) (width 0.15))
    (fp_line (start -5 -7) (end -7 -7) (layer Dwgs.User) (width 0.15))
    (fp_line (start -7 7) (end -5 7) (layer Dwgs.User) (width 0.15))
    (fp_line (start -7 5) (end -7 7) (layer Dwgs.User) (width 0.15))
    (fp_line (start 7 7) (end 7 5) (layer Dwgs.User) (width 0.15))
    (fp_line (start 5 7) (end 7 7) (layer Dwgs.User) (width 0.15))
    (fp_line (start 7 -7) (end 7 -5) (layer Dwgs.User) (width 0.15))
    (fp_line (start 5 -7) (end 7 -7) (layer Dwgs.User) (width 0.15))
    (pad 2 smd rect (at 5.842 -5.08) (size 2.55 2.5) (layers B.Cu B.Paste B.Mask)
      (net 1 GND))
    (pad 1 smd rect (at -7.085 -2.54) (size 2.55 2.5) (layers B.Cu B.Paste B.Mask)
      (net 39 SW37))
    (pad "" np_thru_hole circle (at 5.08 0 48.0996) (size 1.75 1.75) (drill 1.75) (layers *.Cu *.Mask))
    (pad "" np_thru_hole circle (at -5.08 0 48.0996) (size 1.75 1.75) (drill 1.75) (layers *.Cu *.Mask))
    (pad "" np_thru_hole circle (at -3.81 -2.54) (size 3 3) (drill 3) (layers *.Cu *.Mask))
    (pad "" np_thru_hole circle (at 0 0) (size 3.9878 3.9878) (drill 3.9878) (layers *.Cu *.Mask))
    (pad "" np_thru_hole circle (at 2.54 -5.08) (size 3 3) (drill 3) (layers *.Cu *.Mask))
  )

  (module MX_Socket:MXOnly-1.75U-Hotswap (layer F.Cu) (tedit 5CF715E3) (tstamp 5CFAF7D8)
    (at 192.375 111.625)
    (path /5CF534DF)
    (attr smd)
    (fp_text reference SW31 (at 0 3.048) (layer B.CrtYd)
      (effects (font (size 1 1) (thickness 0.15)) (justify mirror))
    )
    (fp_text value SW_Push (at 0 -7.9375) (layer Dwgs.User)
      (effects (font (size 1 1) (thickness 0.15)))
    )
    (fp_text user %R (at 0 4) (layer F.SilkS)
      (effects (font (size 2 2) (thickness 0.3)))
    )
    (fp_arc (start -0.865 -1.23) (end -0.8 -3.4) (angle -84) (layer B.SilkS) (width 1))
    (fp_arc (start -0.465 -0.83) (end -0.4 -3) (angle -84) (layer B.SilkS) (width 0.15))
    (fp_line (start -5.3 -1.6) (end -5.3 -3.399999) (layer B.SilkS) (width 0.8))
    (fp_line (start 4.4 -3.9) (end 4.4 -3.2) (layer B.SilkS) (width 0.4))
    (fp_line (start -0.4 -3) (end 4.6 -3) (layer B.SilkS) (width 0.15))
    (fp_line (start -5.67 -3.7) (end -5.67 -1.46) (layer B.SilkS) (width 0.15))
    (fp_line (start -5.7 -1.3) (end -3 -1.3) (layer B.SilkS) (width 0.5))
    (fp_line (start -5.9 -1.1) (end -2.62 -1.1) (layer B.SilkS) (width 0.15))
    (fp_line (start -5.9 -4.7) (end -5.9 -3.7) (layer B.SilkS) (width 0.15))
    (fp_line (start 4.6 -6.6) (end -3.800001 -6.6) (layer B.SilkS) (width 0.15))
    (fp_line (start 4.6 -6.25) (end 4.6 -6.6) (layer B.SilkS) (width 0.15))
    (fp_circle (center -3.81 -2.54) (end -2.54 -2.54) (layer Dwgs.User) (width 0.12))
    (fp_line (start 4.6 -3) (end 4.6 -4) (layer B.SilkS) (width 0.15))
    (fp_line (start 4.6 -4) (end 4.4 -4) (layer B.SilkS) (width 0.15))
    (fp_line (start 3.9 -6) (end 3.9 -3.5) (layer B.SilkS) (width 1))
    (fp_line (start 4.38 -4) (end 4.38 -6.25) (layer B.SilkS) (width 0.15))
    (fp_line (start -4.17 -5.1) (end -4.17 -2.86) (layer B.SilkS) (width 3))
    (fp_line (start -5.9 -3.7) (end -5.7 -3.7) (layer B.SilkS) (width 0.15))
    (fp_arc (start -3.9 -4.6) (end -3.800001 -6.6) (angle -90) (layer B.SilkS) (width 0.15))
    (fp_line (start 4.4 -6.4) (end 3 -6.4) (layer B.SilkS) (width 0.4))
    (fp_line (start -5.7 -1.46) (end -5.9 -1.46) (layer B.SilkS) (width 0.15))
    (fp_circle (center 2.54 -5.08) (end 3.81 -5.08) (layer Dwgs.User) (width 0.12))
    (fp_line (start 2.6 -4.8) (end -4.1 -4.8) (layer B.SilkS) (width 3.5))
    (fp_line (start 4.3 -3.3) (end 2.9 -3.3) (layer B.SilkS) (width 0.5))
    (fp_line (start -5.8 -3.800001) (end -5.8 -4.7) (layer B.SilkS) (width 0.3))
    (fp_line (start -5.9 -1.1) (end -5.9 -1.46) (layer B.SilkS) (width 0.15))
    (fp_line (start 4.4 -6.25) (end 4.6 -6.25) (layer B.SilkS) (width 0.15))
    (fp_circle (center 2.54 -5.08) (end 2.54 -6.604) (layer B.CrtYd) (width 0.15))
    (fp_circle (center -3.81 -2.54) (end -3.81 -4.064) (layer B.CrtYd) (width 0.15))
    (fp_line (start -8.382 -3.81) (end -5.842 -3.81) (layer B.CrtYd) (width 0.15))
    (fp_line (start -8.382 -1.27) (end -8.382 -3.81) (layer B.CrtYd) (width 0.15))
    (fp_line (start -5.842 -1.27) (end -8.382 -1.27) (layer B.CrtYd) (width 0.15))
    (fp_line (start -5.842 -3.81) (end -5.842 -1.27) (layer B.CrtYd) (width 0.15))
    (fp_line (start 4.572 -3.81) (end 4.572 -6.35) (layer B.CrtYd) (width 0.15))
    (fp_line (start 7.112 -3.81) (end 4.572 -3.81) (layer B.CrtYd) (width 0.15))
    (fp_line (start 7.112 -6.35) (end 7.112 -3.81) (layer B.CrtYd) (width 0.15))
    (fp_line (start 4.572 -6.35) (end 7.112 -6.35) (layer B.CrtYd) (width 0.15))
    (fp_text user %R (at 0 3.048) (layer B.SilkS)
      (effects (font (size 1 1) (thickness 0.15)) (justify mirror))
    )
    (fp_line (start -16.66875 9.525) (end -16.66875 -9.525) (layer Dwgs.User) (width 0.15))
    (fp_line (start 16.66875 9.525) (end -16.66875 9.525) (layer Dwgs.User) (width 0.15))
    (fp_line (start 16.66875 -9.525) (end 16.66875 9.525) (layer Dwgs.User) (width 0.15))
    (fp_line (start -16.66875 -9.525) (end 16.66875 -9.525) (layer Dwgs.User) (width 0.15))
    (fp_line (start -7 -7) (end -7 -5) (layer Dwgs.User) (width 0.15))
    (fp_line (start -5 -7) (end -7 -7) (layer Dwgs.User) (width 0.15))
    (fp_line (start -7 7) (end -5 7) (layer Dwgs.User) (width 0.15))
    (fp_line (start -7 5) (end -7 7) (layer Dwgs.User) (width 0.15))
    (fp_line (start 7 7) (end 7 5) (layer Dwgs.User) (width 0.15))
    (fp_line (start 5 7) (end 7 7) (layer Dwgs.User) (width 0.15))
    (fp_line (start 7 -7) (end 7 -5) (layer Dwgs.User) (width 0.15))
    (fp_line (start 5 -7) (end 7 -7) (layer Dwgs.User) (width 0.15))
    (pad 2 smd rect (at 5.842 -5.08) (size 2.55 2.5) (layers B.Cu B.Paste B.Mask)
      (net 34 SW31))
    (pad 1 smd rect (at -7.085 -2.54) (size 2.55 2.5) (layers B.Cu B.Paste B.Mask)
      (net 1 GND))
    (pad "" np_thru_hole circle (at 5.08 0 48.0996) (size 1.75 1.75) (drill 1.75) (layers *.Cu *.Mask))
    (pad "" np_thru_hole circle (at -5.08 0 48.0996) (size 1.75 1.75) (drill 1.75) (layers *.Cu *.Mask))
    (pad "" np_thru_hole circle (at -3.81 -2.54) (size 3 3) (drill 3) (layers *.Cu *.Mask))
    (pad "" np_thru_hole circle (at 0 0) (size 3.9878 3.9878) (drill 3.9878) (layers *.Cu *.Mask))
    (pad "" np_thru_hole circle (at 2.54 -5.08) (size 3 3) (drill 3) (layers *.Cu *.Mask))
  )

  (module MX_Socket:MXOnly-1U-Hotswap (layer F.Cu) (tedit 5CF713E2) (tstamp 5CFAF79A)
    (at 166.25 111.625)
    (path /5CF534D3)
    (attr smd)
    (fp_text reference SW30 (at 0 3.048) (layer B.CrtYd)
      (effects (font (size 1 1) (thickness 0.15)) (justify mirror))
    )
    (fp_text value SW_Push (at 0 -7.9375) (layer Dwgs.User)
      (effects (font (size 1 1) (thickness 0.15)))
    )
    (fp_text user %R (at 0 4.5) (layer F.SilkS)
      (effects (font (size 2 2) (thickness 0.3)))
    )
    (fp_arc (start -0.865 -1.23) (end -0.8 -3.4) (angle -84) (layer B.SilkS) (width 1))
    (fp_arc (start -0.465 -0.83) (end -0.4 -3) (angle -84) (layer B.SilkS) (width 0.15))
    (fp_line (start -5.3 -1.6) (end -5.3 -3.399999) (layer B.SilkS) (width 0.8))
    (fp_line (start 4.4 -3.9) (end 4.4 -3.2) (layer B.SilkS) (width 0.4))
    (fp_line (start -0.4 -3) (end 4.6 -3) (layer B.SilkS) (width 0.15))
    (fp_line (start -5.67 -3.7) (end -5.67 -1.46) (layer B.SilkS) (width 0.15))
    (fp_line (start -5.7 -1.3) (end -3 -1.3) (layer B.SilkS) (width 0.5))
    (fp_line (start -5.9 -1.1) (end -2.62 -1.1) (layer B.SilkS) (width 0.15))
    (fp_line (start -5.9 -4.7) (end -5.9 -3.7) (layer B.SilkS) (width 0.15))
    (fp_line (start 4.6 -6.6) (end -3.800001 -6.6) (layer B.SilkS) (width 0.15))
    (fp_line (start 4.6 -6.25) (end 4.6 -6.6) (layer B.SilkS) (width 0.15))
    (fp_circle (center -3.81 -2.54) (end -2.54 -2.54) (layer Dwgs.User) (width 0.12))
    (fp_line (start 4.6 -3) (end 4.6 -4) (layer B.SilkS) (width 0.15))
    (fp_line (start 4.6 -4) (end 4.4 -4) (layer B.SilkS) (width 0.15))
    (fp_line (start 3.9 -6) (end 3.9 -3.5) (layer B.SilkS) (width 1))
    (fp_line (start 4.38 -4) (end 4.38 -6.25) (layer B.SilkS) (width 0.15))
    (fp_line (start -4.17 -5.1) (end -4.17 -2.86) (layer B.SilkS) (width 3))
    (fp_line (start -5.9 -3.7) (end -5.7 -3.7) (layer B.SilkS) (width 0.15))
    (fp_arc (start -3.9 -4.6) (end -3.800001 -6.6) (angle -90) (layer B.SilkS) (width 0.15))
    (fp_line (start 4.4 -6.4) (end 3 -6.4) (layer B.SilkS) (width 0.4))
    (fp_line (start -5.7 -1.46) (end -5.9 -1.46) (layer B.SilkS) (width 0.15))
    (fp_circle (center 2.54 -5.08) (end 3.81 -5.08) (layer Dwgs.User) (width 0.12))
    (fp_line (start 2.6 -4.8) (end -4.1 -4.8) (layer B.SilkS) (width 3.5))
    (fp_line (start 4.3 -3.3) (end 2.9 -3.3) (layer B.SilkS) (width 0.5))
    (fp_line (start -5.8 -3.800001) (end -5.8 -4.7) (layer B.SilkS) (width 0.3))
    (fp_line (start -5.9 -1.1) (end -5.9 -1.46) (layer B.SilkS) (width 0.15))
    (fp_line (start 4.4 -6.25) (end 4.6 -6.25) (layer B.SilkS) (width 0.15))
    (fp_line (start -5.842 -1.27) (end -5.842 -3.81) (layer B.CrtYd) (width 0.15))
    (fp_line (start -8.382 -1.27) (end -5.842 -1.27) (layer B.CrtYd) (width 0.15))
    (fp_line (start -8.382 -3.81) (end -8.382 -1.27) (layer B.CrtYd) (width 0.15))
    (fp_line (start -5.842 -3.81) (end -8.382 -3.81) (layer B.CrtYd) (width 0.15))
    (fp_line (start 4.572 -3.81) (end 4.572 -6.35) (layer B.CrtYd) (width 0.15))
    (fp_line (start 7.112 -3.81) (end 4.572 -3.81) (layer B.CrtYd) (width 0.15))
    (fp_line (start 7.112 -6.35) (end 7.112 -3.81) (layer B.CrtYd) (width 0.15))
    (fp_line (start 4.572 -6.35) (end 7.112 -6.35) (layer B.CrtYd) (width 0.15))
    (fp_circle (center -3.81 -2.54) (end -3.81 -4.064) (layer B.CrtYd) (width 0.15))
    (fp_circle (center 2.54 -5.08) (end 2.54 -6.604) (layer B.CrtYd) (width 0.15))
    (fp_text user %R (at 0 3.048) (layer B.SilkS)
      (effects (font (size 1 1) (thickness 0.15)) (justify mirror))
    )
    (fp_line (start -9.525 9.525) (end -9.525 -9.525) (layer Dwgs.User) (width 0.15))
    (fp_line (start 9.525 9.525) (end -9.525 9.525) (layer Dwgs.User) (width 0.15))
    (fp_line (start 9.525 -9.525) (end 9.525 9.525) (layer Dwgs.User) (width 0.15))
    (fp_line (start -9.525 -9.525) (end 9.525 -9.525) (layer Dwgs.User) (width 0.15))
    (fp_line (start -7 -7) (end -7 -5) (layer Dwgs.User) (width 0.15))
    (fp_line (start -5 -7) (end -7 -7) (layer Dwgs.User) (width 0.15))
    (fp_line (start -7 7) (end -5 7) (layer Dwgs.User) (width 0.15))
    (fp_line (start -7 5) (end -7 7) (layer Dwgs.User) (width 0.15))
    (fp_line (start 7 7) (end 7 5) (layer Dwgs.User) (width 0.15))
    (fp_line (start 5 7) (end 7 7) (layer Dwgs.User) (width 0.15))
    (fp_line (start 7 -7) (end 7 -5) (layer Dwgs.User) (width 0.15))
    (fp_line (start 5 -7) (end 7 -7) (layer Dwgs.User) (width 0.15))
    (pad 2 smd rect (at 5.842 -5.08) (size 2.55 2.5) (layers B.Cu B.Paste B.Mask)
      (net 33 SW30))
    (pad 1 smd rect (at -7.085 -2.54) (size 2.55 2.5) (layers B.Cu B.Paste B.Mask)
      (net 1 GND))
    (pad "" np_thru_hole circle (at 5.08 0 48.0996) (size 1.75 1.75) (drill 1.75) (layers *.Cu *.Mask))
    (pad "" np_thru_hole circle (at -5.08 0 48.0996) (size 1.75 1.75) (drill 1.75) (layers *.Cu *.Mask))
    (pad "" np_thru_hole circle (at -3.81 -2.54) (size 3 3) (drill 3) (layers *.Cu *.Mask))
    (pad "" np_thru_hole circle (at 0 0) (size 3.9878 3.9878) (drill 3.9878) (layers *.Cu *.Mask))
    (pad "" np_thru_hole circle (at 2.54 -5.08) (size 3 3) (drill 3) (layers *.Cu *.Mask))
  )

  (module MX_Socket:MXOnly-1U-Hotswap (layer F.Cu) (tedit 5CF713E2) (tstamp 5CFAF4FA)
    (at 175.75 92.625)
    (path /5CF4DE3F)
    (attr smd)
    (fp_text reference SW24 (at 0 3.048) (layer B.CrtYd)
      (effects (font (size 1 1) (thickness 0.15)) (justify mirror))
    )
    (fp_text value SW_Push (at 0 -7.9375) (layer Dwgs.User)
      (effects (font (size 1 1) (thickness 0.15)))
    )
    (fp_text user %R (at 0 4.5) (layer F.SilkS)
      (effects (font (size 2 2) (thickness 0.3)))
    )
    (fp_arc (start -0.865 -1.23) (end -0.8 -3.4) (angle -84) (layer B.SilkS) (width 1))
    (fp_arc (start -0.465 -0.83) (end -0.4 -3) (angle -84) (layer B.SilkS) (width 0.15))
    (fp_line (start -5.3 -1.6) (end -5.3 -3.399999) (layer B.SilkS) (width 0.8))
    (fp_line (start 4.4 -3.9) (end 4.4 -3.2) (layer B.SilkS) (width 0.4))
    (fp_line (start -0.4 -3) (end 4.6 -3) (layer B.SilkS) (width 0.15))
    (fp_line (start -5.67 -3.7) (end -5.67 -1.46) (layer B.SilkS) (width 0.15))
    (fp_line (start -5.7 -1.3) (end -3 -1.3) (layer B.SilkS) (width 0.5))
    (fp_line (start -5.9 -1.1) (end -2.62 -1.1) (layer B.SilkS) (width 0.15))
    (fp_line (start -5.9 -4.7) (end -5.9 -3.7) (layer B.SilkS) (width 0.15))
    (fp_line (start 4.6 -6.6) (end -3.800001 -6.6) (layer B.SilkS) (width 0.15))
    (fp_line (start 4.6 -6.25) (end 4.6 -6.6) (layer B.SilkS) (width 0.15))
    (fp_circle (center -3.81 -2.54) (end -2.54 -2.54) (layer Dwgs.User) (width 0.12))
    (fp_line (start 4.6 -3) (end 4.6 -4) (layer B.SilkS) (width 0.15))
    (fp_line (start 4.6 -4) (end 4.4 -4) (layer B.SilkS) (width 0.15))
    (fp_line (start 3.9 -6) (end 3.9 -3.5) (layer B.SilkS) (width 1))
    (fp_line (start 4.38 -4) (end 4.38 -6.25) (layer B.SilkS) (width 0.15))
    (fp_line (start -4.17 -5.1) (end -4.17 -2.86) (layer B.SilkS) (width 3))
    (fp_line (start -5.9 -3.7) (end -5.7 -3.7) (layer B.SilkS) (width 0.15))
    (fp_arc (start -3.9 -4.6) (end -3.800001 -6.6) (angle -90) (layer B.SilkS) (width 0.15))
    (fp_line (start 4.4 -6.4) (end 3 -6.4) (layer B.SilkS) (width 0.4))
    (fp_line (start -5.7 -1.46) (end -5.9 -1.46) (layer B.SilkS) (width 0.15))
    (fp_circle (center 2.54 -5.08) (end 3.81 -5.08) (layer Dwgs.User) (width 0.12))
    (fp_line (start 2.6 -4.8) (end -4.1 -4.8) (layer B.SilkS) (width 3.5))
    (fp_line (start 4.3 -3.3) (end 2.9 -3.3) (layer B.SilkS) (width 0.5))
    (fp_line (start -5.8 -3.800001) (end -5.8 -4.7) (layer B.SilkS) (width 0.3))
    (fp_line (start -5.9 -1.1) (end -5.9 -1.46) (layer B.SilkS) (width 0.15))
    (fp_line (start 4.4 -6.25) (end 4.6 -6.25) (layer B.SilkS) (width 0.15))
    (fp_line (start -5.842 -1.27) (end -5.842 -3.81) (layer B.CrtYd) (width 0.15))
    (fp_line (start -8.382 -1.27) (end -5.842 -1.27) (layer B.CrtYd) (width 0.15))
    (fp_line (start -8.382 -3.81) (end -8.382 -1.27) (layer B.CrtYd) (width 0.15))
    (fp_line (start -5.842 -3.81) (end -8.382 -3.81) (layer B.CrtYd) (width 0.15))
    (fp_line (start 4.572 -3.81) (end 4.572 -6.35) (layer B.CrtYd) (width 0.15))
    (fp_line (start 7.112 -3.81) (end 4.572 -3.81) (layer B.CrtYd) (width 0.15))
    (fp_line (start 7.112 -6.35) (end 7.112 -3.81) (layer B.CrtYd) (width 0.15))
    (fp_line (start 4.572 -6.35) (end 7.112 -6.35) (layer B.CrtYd) (width 0.15))
    (fp_circle (center -3.81 -2.54) (end -3.81 -4.064) (layer B.CrtYd) (width 0.15))
    (fp_circle (center 2.54 -5.08) (end 2.54 -6.604) (layer B.CrtYd) (width 0.15))
    (fp_text user %R (at 0 3.048) (layer B.SilkS)
      (effects (font (size 1 1) (thickness 0.15)) (justify mirror))
    )
    (fp_line (start -9.525 9.525) (end -9.525 -9.525) (layer Dwgs.User) (width 0.15))
    (fp_line (start 9.525 9.525) (end -9.525 9.525) (layer Dwgs.User) (width 0.15))
    (fp_line (start 9.525 -9.525) (end 9.525 9.525) (layer Dwgs.User) (width 0.15))
    (fp_line (start -9.525 -9.525) (end 9.525 -9.525) (layer Dwgs.User) (width 0.15))
    (fp_line (start -7 -7) (end -7 -5) (layer Dwgs.User) (width 0.15))
    (fp_line (start -5 -7) (end -7 -7) (layer Dwgs.User) (width 0.15))
    (fp_line (start -7 7) (end -5 7) (layer Dwgs.User) (width 0.15))
    (fp_line (start -7 5) (end -7 7) (layer Dwgs.User) (width 0.15))
    (fp_line (start 7 7) (end 7 5) (layer Dwgs.User) (width 0.15))
    (fp_line (start 5 7) (end 7 7) (layer Dwgs.User) (width 0.15))
    (fp_line (start 7 -7) (end 7 -5) (layer Dwgs.User) (width 0.15))
    (fp_line (start 5 -7) (end 7 -7) (layer Dwgs.User) (width 0.15))
    (pad 2 smd rect (at 5.842 -5.08) (size 2.55 2.5) (layers B.Cu B.Paste B.Mask)
      (net 27 SW24))
    (pad 1 smd rect (at -7.085 -2.54) (size 2.55 2.5) (layers B.Cu B.Paste B.Mask)
      (net 1 GND))
    (pad "" np_thru_hole circle (at 5.08 0 48.0996) (size 1.75 1.75) (drill 1.75) (layers *.Cu *.Mask))
    (pad "" np_thru_hole circle (at -5.08 0 48.0996) (size 1.75 1.75) (drill 1.75) (layers *.Cu *.Mask))
    (pad "" np_thru_hole circle (at -3.81 -2.54) (size 3 3) (drill 3) (layers *.Cu *.Mask))
    (pad "" np_thru_hole circle (at 0 0) (size 3.9878 3.9878) (drill 3.9878) (layers *.Cu *.Mask))
    (pad "" np_thru_hole circle (at 2.54 -5.08) (size 3 3) (drill 3) (layers *.Cu *.Mask))
  )

  (module MX_Socket:MXOnly-ISO-HotSwap (layer F.Cu) (tedit 5CF71645) (tstamp 5CFAF1E0)
    (at 197.125 83.125)
    (path /5CF49844)
    (fp_text reference SW17 (at 0 3.175) (layer Dwgs.User)
      (effects (font (size 1 1) (thickness 0.15)))
    )
    (fp_text value SW_Push (at 0 -7.9375) (layer Dwgs.User)
      (effects (font (size 1 1) (thickness 0.15)))
    )
    (fp_text user %R (at 0 4) (layer F.SilkS)
      (effects (font (size 2 2) (thickness 0.3)))
    )
    (fp_poly (pts (xy -3.302 -6.604) (xy 4.826 -6.604) (xy 4.826 -3.048) (xy -3.302 -3.048)) (layer B.SilkS) (width 0.1))
    (fp_poly (pts (xy -2.54 -1.016) (xy -6.096 -1.016) (xy -6.096 -4.318) (xy -2.54 -4.318)) (layer B.SilkS) (width 0.1))
    (fp_arc (start -0.508 -1.016) (end -0.508 -3.81) (angle -74.70000907) (layer B.SilkS) (width 1.524))
    (fp_line (start -3.81 -3.81) (end -3.81 -4.318) (layer B.SilkS) (width 4.572))
    (fp_line (start -6.096 -1.016) (end -2.54 -1.016) (layer B.SilkS) (width 0.15))
    (fp_arc (start -0.508 -1.016) (end -0.508 -3.048) (angle -90) (layer B.SilkS) (width 0.15))
    (fp_line (start 4.826 -3.048) (end -0.508 -3.048) (layer B.SilkS) (width 0.15))
    (fp_line (start 4.826 -6.604) (end 4.826 -3.048) (layer B.SilkS) (width 0.15))
    (fp_line (start -6.096 -4.318) (end -6.096 -1.016) (layer B.SilkS) (width 0.15))
    (fp_arc (start -3.81 -4.318) (end -3.81 -6.604) (angle -90) (layer B.SilkS) (width 0.15))
    (fp_line (start 4.826 -6.604) (end -3.81 -6.604) (layer B.SilkS) (width 0.15))
    (fp_line (start -16.66875 -19.05) (end -16.66875 0) (layer Dwgs.User) (width 0.15))
    (fp_line (start -11.90625 19.05) (end 11.90625 19.05) (layer Dwgs.User) (width 0.15))
    (fp_line (start 11.90625 -19.05) (end 11.90625 19.05) (layer Dwgs.User) (width 0.15))
    (fp_line (start -16.66875 -19.05) (end 11.90625 -19.05) (layer Dwgs.User) (width 0.15))
    (fp_line (start -7 -7) (end -7 -5) (layer Dwgs.User) (width 0.15))
    (fp_line (start -5 -7) (end -7 -7) (layer Dwgs.User) (width 0.15))
    (fp_line (start -7 7) (end -5 7) (layer Dwgs.User) (width 0.15))
    (fp_line (start -7 5) (end -7 7) (layer Dwgs.User) (width 0.15))
    (fp_line (start 7 7) (end 7 5) (layer Dwgs.User) (width 0.15))
    (fp_line (start 5 7) (end 7 7) (layer Dwgs.User) (width 0.15))
    (fp_line (start 7 -7) (end 7 -5) (layer Dwgs.User) (width 0.15))
    (fp_line (start 5 -7) (end 7 -7) (layer Dwgs.User) (width 0.15))
    (fp_line (start -11.90625 0) (end -16.66875 0) (layer Dwgs.User) (width 0.15))
    (fp_line (start -11.90625 19.05) (end -11.90625 0) (layer Dwgs.User) (width 0.15))
    (pad 1 smd rect (at -7.36 -2.54) (size 2.55 2.5) (layers B.Cu B.Paste B.Mask)
      (net 1 GND))
    (pad 2 smd rect (at 6.09 -5.08) (size 2.55 2.5) (layers B.Cu B.Paste B.Mask)
      (net 20 SW17))
